[1460222644,0,-79]
[1460222644,0,-79]
[1460222644,0,-79]
[1460222644,0,-79]
[1460222644,0,-79]
[1460222644,0,-79]
[1460222644,0,-79]
[1460222644,0,-79]
[1460222644,0,-79]
[1460222644,0,-79]
[1460222644,0,-79]
[1460222644,0,-79]
[1460222644,331664,-79]
[1460222644,11206768,-76]
[1460222644,331664,-71]
[1460222644,8501673,-45]
[1460222644,10860969,-78]
[1460222644,9812393,-78]
[1460222643,6535593,-68]
[1460222643,5487017,-68]
[1460222643,6535593,-79]
[1460222643,5487017,-79]
[1460222643,309673,-69]
[1460222643,309673,-69]
[1460222643,7059881,-58]
[1460222643,6011305,-58]
[1460222643,9448708,-80]
[1460222643,244137,-79]
[1460222643,244137,-79]
[1460222643,7453097,-81]
[1460222643,0,-80]
[1460222643,7453097,-43]
[1460216702,8763817,-76]
[1460222644,0,-79]
[1460222644,331664,-79]
[1460222644,11206768,-76]
[1460222644,331664,-71]
[1460222644,8501673,-45]
[1460222644,10860969,-78]
[1460222644,9812393,-78]
[1460222643,6535593,-68]
[1460222643,5487017,-68]
[1460222643,6535593,-79]
[1460222643,5487017,-79]
[1460222643,309673,-69]
[1460222643,309673,-69]
[1460222643,7059881,-58]
[1460222643,6011305,-58]
[1460222643,9448708,-80]
[1460222643,244137,-79]
[1460222643,244137,-79]
[1460222643,7453097,-81]
[1460222643,0,-80]
[1460222643,7453097,-43]
[1460216702,8763817,-76]
[1460222644,0,-79]
[1460222644,331664,-79]
[1460222644,11206768,-76]
[1460222644,331664,-71]
[1460222644,8501673,-45]
[1460222644,10860969,-78]
[1460222644,9812393,-78]
[1460222643,6535593,-68]
[1460222643,5487017,-68]
[1460222643,6535593,-79]
[1460222643,5487017,-79]
[1460222643,309673,-69]
[1460222643,309673,-69]
[1460222643,7059881,-58]
[1460222643,6011305,-58]
[1460222643,9448708,-80]
[1460222643,244137,-79]
[1460222643,244137,-79]
[1460222643,7453097,-81]
[1460222643,0,-80]
[1460222643,7453097,-43]
[1460216702,8763817,-76]
[1460222644,0,-79]
[1460222644,331664,11.99809]
[1460222644,11206768,-76]
[1460222644,331664,-71]
[1460222644,8501673,-45]
[1460222644,10860969,-78]
[1460222644,9812393,-78]
[1460222643,6535593,-68]
[1460222643,5487017,-68]
[1460222643,6535593,-79]
[1460222643,5487017,-79]
[1460222643,309673,-69]
[1460222643,309673,-69]
[1460222643,7059881,-58]
[1460222643,6011305,-58]
[1460222643,9448708,-80]
[1460222643,244137,-79]
[1460222643,244137,-79]
[1460222643,7453097,-81]
[1460222643,0,-80]
[1460222643,7453097,-43]
[1460216702,8763817,-76]
[1460222644,0,-79]
[1460222644,331664,-23.50000]
[1460222644,11206768,-76]
[1460222644,331664,-71]
[1460222644,8501673,-45]
[1460222644,10860969,-78]
[1460222644,9812393,-78]
[1460222643,6535593,-68]
[1460222643,5487017,-68]
[1460222643,6535593,-79]
[1460222643,5487017,-79]
[1460222643,309673,-69]
[1460222643,309673,-69]
[1460222643,7059881,-58]
[1460222643,6011305,-58]
[1460222643,9448708,-80]
[1460222643,244137,-79]
[1460222643,244137,-79]
[1460222643,7453097,-81]
[1460222643,0,-80]
[1460222643,7453097,-43]
[1460216702,8763817,-76]
[1460222644,0,-79]
[1460222644,331664,9.74773]
[1460222644,11206768,-76]
[1460222644,331664,-71]
[1460222644,8501673,-45]
[1460222644,10860969,-78]
[1460222644,9812393,-78]
[1460222643,6535593,-68]
[1460222643,5487017,-68]
[1460222643,6535593,-79]
[1460222643,5487017,-79]
[1460222643,309673,-69]
[1460222643,309673,-69]
[1460222643,7059881,-58]
[1460222643,6011305,-58]
[1460222643,9448708,-80]
[1460222643,244137,-79]
[1460222643,244137,-79]
[1460222643,7453097,-81]
[1460222643,0,-80]
[1460222643,7453097,-43]
[1460216702,8763817,-76]
[1460222644,0,-79]
[1460222644,331664,-14.81250]
[1460222644,11206768,-76]
[1460222644,331664,-71]
[1460222644,8501673,-45]
[1460222644,10860969,-78]
[1460222644,9812393,-78]
[1460222643,6535593,-68]
[1460222643,5487017,-68]
[1460222643,6535593,-79]
[1460222643,5487017,-79]
[1460222643,309673,-69]
[1460222643,309673,-69]
[1460222643,7059881,-58]
[1460222643,6011305,-58]
[1460222643,9448708,-80]
[1460222643,244137,-79]
[1460222643,244137,-79]
[1460222643,7453097,-81]
[1460222643,0,-80]
[1460222643,7453097,-43]
[1460216702,8763817,-76]
[1460222644,0,-79]
[1460222644,331664,0.09165]
[1460222644,11206768,-76]
[1460222644,331664,-71]
[1460222644,8501673,-45]
[1460222644,10860969,-78]
[1460222644,9812393,-78]
[1460222643,6535593,-68]
[1460222643,5487017,-68]
[1460222643,6535593,-79]
[1460222643,5487017,-79]
[1460222643,309673,-69]
[1460222643,309673,-69]
[1460222643,7059881,-58]
[1460222643,6011305,-58]
[1460222643,9448708,-80]
[1460222643,244137,-79]
[1460222643,244137,-79]
[1460222643,7453097,-81]
[1460222643,0,-80]
[1460222643,7453097,-43]
[1460216702,8763817,-76]
[1460222644,0,-79]
[1460222644,331664,-17.56250]
[1460222644,11206768,-76]
[1460222644,331664,-71]
[1460222644,8501673,-45]
[1460222644,10860969,-78]
[1460222644,9812393,-78]
[1460222643,6535593,-68]
[1460222643,5487017,-68]
[1460222643,6535593,-79]
[1460222643,5487017,-79]
[1460222643,309673,-69]
[1460222643,309673,-69]
[1460222643,7059881,-58]
[1460222643,6011305,-58]
[1460222643,9448708,-80]
[1460222643,244137,-79]
[1460222643,244137,-79]
[1460222643,7453097,-81]
[1460222643,0,-80]
[1460222643,7453097,-43]
[1460216702,8763817,-76]
[1460222644,0,-79]
[1460222644,331664,-1.36476]
[1460222644,11206768,-76]
[1460222644,331664,-71]
[1460222644,8501673,-45]
[1460222644,10860969,-78]
[1460222644,9812393,-78]
[1460222643,6535593,-68]
[1460222643,5487017,-68]
[1460222643,6535593,-79]
[1460222643,5487017,-79]
[1460222643,309673,-69]
[1460222643,309673,-69]
[1460222643,7059881,-58]
[1460222643,6011305,-58]
[1460222643,9448708,-80]
[1460222643,244137,-79]
[1460222643,244137,-79]
[1460222643,7453097,-81]
[1460222643,0,-80]
[1460222643,7453097,-43]
[1460216702,8763817,-76]
[1460222644,0,-79]
[1460222644,331664,-79]
[1460222644,11206768,-76]
[1460222644,331664,-71]
[1460222644,8501673,-45]
[1460222644,10860969,-78]
[1460222644,9812393,-78]
[1460222643,6535593,-68]
[1460222643,5487017,-68]
[1460222643,6535593,-79]
[1460222643,5487017,-79]
[1460222643,309673,-69]
[1460222643,309673,-69]
[1460222643,7059881,-58]
[1460222643,6011305,-58]
[1460222643,9448708,-80]
[1460222643,244137,-79]
[1460222643,244137,-79]
[1460222643,7453097,-81]
[1460222643,0,-80]
[1460222643,7453097,-43]
[1460216702,8763817,-76]
[1460222644,0,-79]
[1460222644,331664,-0.04993]
[1460222644,11206768,-76]
[1460222644,331664,-71]
[1460222644,8501673,-45]
[1460222644,10860969,-78]
[1460222644,9812393,-78]
[1460222643,6535593,-68]
[1460222643,5487017,-68]
[1460222643,6535593,-79]
[1460222643,5487017,-79]
[1460222643,309673,-69]
[1460222643,309673,-69]
[1460222643,7059881,-58]
[1460222643,6011305,-58]
[1460222643,9448708,-80]
[1460222643,244137,-79]
[1460222643,244137,-79]
[1460222643,7453097,-81]
[1460222643,0,-80]
[1460222643,7453097,-43]
[1460216702,8763817,-76]
[1460222644,0,-79]
[1460222644,331664,130.5895]
[1460222644,11206768,-76]
[1460222644,331664,-71]
[1460222644,8501673,-45]
[1460222644,10860969,-78]
[1460222644,9812393,-78]
[1460222643,6535593,-68]
[1460222643,5487017,-68]
[1460222643,6535593,-79]
[1460222643,5487017,-79]
[1460222643,309673,-69]
[1460222643,309673,-69]
[1460222643,7059881,-58]
[1460222643,6011305,-58]
[1460222643,9448708,-80]
[1460222643,244137,-79]
[1460222643,244137,-79]
[1460222643,7453097,-81]
[1460222643,0,-80]
[1460222643,7453097,-43]
[1460216702,8763817,-76]
[1460222644,0,-79]
[1460222644,331664,136.5035]
[1460222644,11206768,-76]
[1460222644,331664,-71]
[1460222644,8501673,-45]
[1460222644,10860969,-78]
[1460222644,9812393,-78]
[1460222643,6535593,-68]
[1460222643,5487017,-68]
[1460222643,6535593,-79]
[1460222643,5487017,-79]
[1460222643,309673,-69]
[1460222643,309673,-69]
[1460222643,7059881,-58]
[1460222643,6011305,-58]
[1460222643,9448708,-80]
[1460222643,244137,-79]
[1460222643,244137,-79]
[1460222643,7453097,-81]
[1460222643,0,-80]
[1460222643,7453097,-43]
[1460216702,8763817,-76]
[1460222644,0,-79]
[1460222644,331664,a9]
[1460222644,11206768,-76]
[1460222644,331664,-71]
[1460222644,8501673,-45]
[1460222644,10860969,-78]
[1460222644,9812393,-78]
[1460222643,6535593,-68]
[1460222643,5487017,-68]
[1460222643,6535593,-79]
[1460222643,5487017,-79]
[1460222643,309673,-69]
[1460222643,309673,-69]
[1460222643,7059881,-58]
[1460222643,6011305,-58]
[1460222643,9448708,-80]
[1460222643,244137,-79]
[1460222643,244137,-79]
[1460222643,7453097,-81]
[1460222643,0,-80]
[1460222643,7453097,-43]
[1460216702,8763817,-76]
[1460222644,0,-79]
[1460222644,0,-79]
[1460222644,331664,-79]
[1460222644,11206768,-76]
[1460222644,331664,-71]
[1460222644,8501673,-45]
[1460222644,10860969,-78]
[1460222644,9812393,-78]
[1460222643,6535593,-68]
[1460222643,5487017,-68]
[1460222643,6535593,-79]
[1460222643,5487017,-79]
[1460222643,309673,-69]
[1460222643,309673,-69]
[1460222643,7059881,-58]
[1460222643,6011305,-58]
[1460222643,9448708,-80]
[1460222643,244137,-79]
[1460222643,244137,-79]
[1460222643,7453097,-81]
[1460222643,0,-80]
[1460222643,7453097,-43]
[1460216702,8763817,-76]
[1460222644,0,-79]
[1460222644,331664,-79]
[1460222644,11206768,-76]
[1460222644,331664,-71]
[1460222644,8501673,-45]
[1460222644,10860969,-78]
[1460222644,9812393,-78]
[1460222643,6535593,-68]
[1460222643,5487017,-68]
[1460222643,6535593,-79]
[1460222643,5487017,-79]
[1460222643,309673,-69]
[1460222643,309673,-69]
[1460222643,7059881,-58]
[1460222643,6011305,-58]
[1460222643,9448708,-80]
[1460222643,244137,-79]
[1460222643,244137,-79]
[1460222643,7453097,-81]
[1460222643,0,-80]
[1460222643,7453097,-43]
[1460216702,8763817,-76]
[1460222644,0,-79]
[1460222644,331664,-79]
[1460222644,11206768,-76]
[1460222644,331664,-71]
[1460222644,8501673,-45]
[1460222644,10860969,-78]
[1460222644,9812393,-78]
[1460222643,6535593,-68]
[1460222643,5487017,-68]
[1460222643,6535593,-79]
[1460222643,5487017,-79]
[1460222643,309673,-69]
[1460222643,309673,-69]
[1460222643,7059881,-58]
[1460222643,6011305,-58]
[1460222643,9448708,-80]
[1460222643,244137,-79]
[1460222643,244137,-79]
[1460222643,7453097,-81]
[1460222643,0,-80]
[1460222643,7453097,-43]
[1460216702,8763817,-76]
[1460222644,0,-79]
[1460222644,331664,-47.5372]
[1460222644,11206768,-76]
[1460222644,331664,-71]
[1460222644,8501673,-45]
[1460222644,10860969,-78]
[1460222644,9812393,-78]
[1460222643,6535593,-68]
[1460222643,5487017,-68]
[1460222643,6535593,-79]
[1460222643,5487017,-79]
[1460222643,309673,-69]
[1460222643,309673,-69]
[1460222643,7059881,-58]
[1460222643,6011305,-58]
[1460222643,9448708,-80]
[1460222643,244137,-79]
[1460222643,244137,-79]
[1460222643,7453097,-81]
[1460222643,0,-80]
[1460222643,7453097,-43]
[1460216702,8763817,-76]
[1460222644,0,-79]
[1460222644,331664,-54.6219]
[1460222644,11206768,-76]
[1460222644,331664,-71]
[1460222644,8501673,-45]
[1460222644,10860969,-78]
[1460222644,9812393,-78]
[1460222643,6535593,-68]
[1460222643,5487017,-68]
[1460222643,6535593,-79]
[1460222643,5487017,-79]
[1460222643,309673,-69]
[1460222643,309673,-69]
[1460222643,7059881,-58]
[1460222643,6011305,-58]
[1460222643,9448708,-80]
[1460222643,244137,-79]
[1460222643,244137,-79]
[1460222643,7453097,-81]
[1460222643,0,-80]
[1460222643,7453097,-43]
[1460216702,8763817,-76]
[1460222644,0,-79]
[1460222644,331664,9.57569]
[1460222644,11206768,-76]
[1460222644,331664,-71]
[1460222644,8501673,-45]
[1460222644,10860969,-78]
[1460222644,9812393,-78]
[1460222643,6535593,-68]
[1460222643,5487017,-68]
[1460222643,6535593,-79]
[1460222643,5487017,-79]
[1460222643,309673,-69]
[1460222643,309673,-69]
[1460222643,7059881,-58]
[1460222643,6011305,-58]
[1460222643,9448708,-80]
[1460222643,244137,-79]
[1460222643,244137,-79]
[1460222643,7453097,-81]
[1460222643,0,-80]
[1460222643,7453097,-43]
[1460216702,8763817,-76]
[1460222644,0,-79]
[1460222644,331664,0.83903]
[1460222644,11206768,-76]
[1460222644,331664,-71]
[1460222644,8501673,-45]
[1460222644,10860969,-78]
[1460222644,9812393,-78]
[1460222643,6535593,-68]
[1460222643,5487017,-68]
[1460222643,6535593,-79]
[1460222643,5487017,-79]
[1460222643,309673,-69]
[1460222643,309673,-69]
[1460222643,7059881,-58]
[1460222643,6011305,-58]
[1460222643,9448708,-80]
[1460222643,244137,-79]
[1460222643,244137,-79]
[1460222643,7453097,-81]
[1460222643,0,-80]
[1460222643,7453097,-43]
[1460216702,8763817,-76]
[1460222644,0,-79]
[1460222644,331664,8.73959]
[1460222644,11206768,-76]
[1460222644,331664,-71]
[1460222644,8501673,-45]
[1460222644,10860969,-78]
[1460222644,9812393,-78]
[1460222643,6535593,-68]
[1460222643,5487017,-68]
[1460222643,6535593,-79]
[1460222643,5487017,-79]
[1460222643,309673,-69]
[1460222643,309673,-69]
[1460222643,7059881,-58]
[1460222643,6011305,-58]
[1460222643,9448708,-80]
[1460222643,244137,-79]
[1460222643,244137,-79]
[1460222643,7453097,-81]
[1460222643,0,-80]
[1460222643,7453097,-43]
[1460216702,8763817,-76]
[1460222644,0,-79]
[1460222644,331664,-79]
[1460222644,11206768,-76]
[1460222644,331664,-71]
[1460222644,8501673,-45]
[1460222644,10860969,-78]
[1460222644,9812393,-78]
[1460222643,6535593,-68]
[1460222643,5487017,-68]
[1460222643,6535593,-79]
[1460222643,5487017,-79]
[1460222643,309673,-69]
[1460222643,309673,-69]
[1460222643,7059881,-58]
[1460222643,6011305,-58]
[1460222643,9448708,-80]
[1460222643,244137,-79]
[1460222643,244137,-79]
[1460222643,7453097,-81]
[1460222643,0,-80]
[1460222643,7453097,-43]
[1460216702,8763817,-76]
[1460222644,0,-79]
[1460222644,331664,-79]
[1460222644,11206768,-76]
[1460222644,331664,-71]
[1460222644,8501673,-45]
[1460222644,10860969,-78]
[1460222644,9812393,-78]
[1460222643,6535593,-68]
[1460222643,5487017,-68]
[1460222643,6535593,-79]
[1460222643,5487017,-79]
[1460222643,309673,-69]
[1460222643,309673,-69]
[1460222643,7059881,-58]
[1460222643,6011305,-58]
[1460222643,9448708,-80]
[1460222643,244137,-79]
[1460222643,244137,-79]
[1460222643,7453097,-81]
[1460222643,0,-80]
[1460222643,7453097,-43]
[1460216702,8763817,-76]
[1460222644,0,-79]
[1460222644,331664,-79]
[1460222644,11206768,-76]
[1460222644,331664,-71]
[1460222644,8501673,-45]
[1460222644,10860969,-78]
[1460222644,9812393,-78]
[1460222643,6535593,-68]
[1460222643,5487017,-68]
[1460222643,6535593,-79]
[1460222643,5487017,-79]
[1460222643,309673,-69]
[1460222643,309673,-69]
[1460222643,7059881,-58]
[1460222643,6011305,-58]
[1460222643,9448708,-80]
[1460222643,244137,-79]
[1460222643,244137,-79]
[1460222643,7453097,-81]
[1460222643,0,-80]
[1460222643,7453097,-43]
[1460216702,8763817,-76]
[1460222644,0,-79]
[1460222644,331664,7.11185]
[1460222644,11206768,-76]
[1460222644,331664,-71]
[1460222644,8501673,-45]
[1460222644,10860969,-78]
[1460222644,9812393,-78]
[1460222643,6535593,-68]
[1460222643,5487017,-68]
[1460222643,6535593,-79]
[1460222643,5487017,-79]
[1460222643,309673,-69]
[1460222643,309673,-69]
[1460222643,7059881,-58]
[1460222643,6011305,-58]
[1460222643,9448708,-80]
[1460222643,244137,-79]
[1460222643,244137,-79]
[1460222643,7453097,-81]
[1460222643,0,-80]
[1460222643,7453097,-43]
[1460216702,8763817,-76]
[1460222644,0,-79]
[1460222644,331664,-15.06250]
[1460222644,11206768,-76]
[1460222644,331664,-71]
[1460222644,8501673,-45]
[1460222644,10860969,-78]
[1460222644,9812393,-78]
[1460222643,6535593,-68]
[1460222643,5487017,-68]
[1460222643,6535593,-79]
[1460222643,5487017,-79]
[1460222643,309673,-69]
[1460222643,309673,-69]
[1460222643,7059881,-58]
[1460222643,6011305,-58]
[1460222643,9448708,-80]
[1460222643,244137,-79]
[1460222643,244137,-79]
[1460222643,7453097,-81]
[1460222643,0,-80]
[1460222643,7453097,-43]
[1460216702,8763817,-76]
[1460222644,0,-79]
[1460222644,331664,-19.00000]
[1460222644,11206768,-76]
[1460222644,331664,-71]
[1460222644,8501673,-45]
[1460222644,10860969,-78]
[1460222644,9812393,-78]
[1460222643,6535593,-68]
[1460222643,5487017,-68]
[1460222643,6535593,-79]
[1460222643,5487017,-79]
[1460222643,309673,-69]
[1460222643,309673,-69]
[1460222643,7059881,-58]
[1460222643,6011305,-58]
[1460222643,9448708,-80]
[1460222643,244137,-79]
[1460222643,244137,-79]
[1460222643,7453097,-81]
[1460222643,0,-80]
[1460222643,7453097,-43]
[1460216702,8763817,-76]
[1460222644,0,-79]
[1460222644,331664,10.22168]
[1460222644,11206768,-76]
[1460222644,331664,-71]
[1460222644,8501673,-45]
[1460222644,10860969,-78]
[1460222644,9812393,-78]
[1460222643,6535593,-68]
[1460222643,5487017,-68]
[1460222643,6535593,-79]
[1460222643,5487017,-79]
[1460222643,309673,-69]
[1460222643,309673,-69]
[1460222643,7059881,-58]
[1460222643,6011305,-58]
[1460222643,9448708,-80]
[1460222643,244137,-79]
[1460222643,244137,-79]
[1460222643,7453097,-81]
[1460222643,0,-80]
[1460222643,7453097,-43]
[1460216702,8763817,-76]
